33
22
21
33
23
24
23
32
39
21
23
25
21
15
21
32
21
26
19
20
23
24
22
35
14
28
20
24
21
53
31
36
39
24
33
53
60
37
50
32
35
39
33
23
27
34
26
24
22
27
38
29
28
24
24
21
22
26
31
19
32
26
28
21
26
31
23
28
24
32
27
22
25
30
18
23
33
16
35
25
20
29
16
27
29
25
16
25
25
22
7
32
18
13
22
16
24
20
25
24
29
18
22
27
23
24
36
27
16
24
16
18
20
19
27
30
22
19
28
20
20
13
13
30
17
13
24
30
11
21
25
24
11
21
21
28
24
19
27
30
11
19
21
13
13
18
19
26
13
21
25
16
15
22
21
13
13
19
20
20
18
22
28
19
22
18
16
16
24
18
18
16
20
19
12
12
16
13
16
22
24
19
23
24
12
17
13
20
21
30
19
16
20
13
14
26
25
15
13
15
10
23
12
12
17
18
13
12
21
20
20
17
27
15
25
26
15
15
14
16
25
20
18
19
19
22
27
23
16
13
30
25
19
15
16
17
22
16
14
35
21
19
18
27
17
11
17
21
14
18
14
18
17
19
13
19
12
20
9
19
19
12
13
22
15
18
19
22
16
21
21
21
20
23
23
16
16
22
24
14
10
21
17
11
19
31
12
18
18
15
12
18
17
13
19
18
20
18
21
18
16
19
12
14
9
16
14
18
14
15
15
15
17
18
18
9
17
16
18
15
18
19
18
11
20
21
16
23
13
29
18
25
13
12
21
15
17
16
18
13
10
21
19
20
14
16
17
30
17
19
26
27
26
20
13
17
21
17
17
14
19
14
29
19
10
21
30
17
20
21
15
16
15
13
12
15
15
19
15
15
16
16
17
16
7
19
17
17
19
13
20
22
16
23
17
19
12
22
15
10
15
13
14
18
21
30
25
22
12
17
28
21
17
10
20
23
17
16
22
23
19
16
10
23
7
20
17
13
19
16
20
14
12
22
28
12
14
14
12
9
16
18
13
13
18
20
21
11
17
16
23
9
10
22
20
10
22
16
23
18
20
20
11
19
18
17
9
10
15
9
15
24
21
13
15
17
16
15
18
18
16
11
26
15
17
15
17
15
20
17
20
13
24
24
21
19
18
14
13
22
25
13
16
8
11
18
18
12
17
16
15
16
21
17
20
19
15
18
16
19
15
19
18
11
17
15
18
14
18
22
29
16
22
15
19
15
25
18
18
13
13
16
18
18
13
11
17
6
19
15
18
14
14
16
18
20
15
17
17
12
11
18
16
24
22
16
11
15
17
23
28
18
14
14
20
14
19
21
9
19
22
18
16
18
14
14
13
9
20
21
15
25
16
21
14
16
18
13
13
16
28
12
13
20
12
14
17
13
42
16
15
17
17
25
23
15
6
19
18
14
15
50
17
22
23
20
15
18
17
19
15
23
9
19
20
25
9
18
23
15
18
22
13
19
20
15
22
24
20
16
19
11
12
12
17
12
24
17
22
13
13
11
14
17
18
14
19
19
31
20
21
21
12
8
26
18
21
20
18
13
18
23
13
18
16
17
13
26
31
22
13
13
12
17
17
18
15
17
16
21
15
19
20
11
19
18
21
23
15
17
20
20
16
13
18
15
27
25
18
37
18
26
14
10
15
11
19
21
16
27
26
17
16
24
18
22
16
16
12
14
19
23
21
29
17
13
19
28
21
23
20
12
19
16
10
14
19
19
16
12
15
16
18
22
21
18
20
19
28
20
9
23
23
16
13
22
14
16
19
15
16
25
24
22
18
28
12
25
17
21
13
11
16
15
21
18
20
18
19
16
23
13
9
15
15
18
19
23
14
22
19
7
18
22
27
31
22
25
19
27
20
34
20
24
14
27
14
19
20
9
25
15
17
11
21
18
14
19
10
17
21
14
11
19
19
21
22
12
15
16
18
19
20
29
19
20
19
13
19
18
25
22
10
8
18
17
16
19
20