17
4
15
16
12
16
9
13
12
9
11
17
10
17
9
16
13
15
22
12
15
9
8
11
14
11
11
12
12
13
14
9
18
7
12
11
14
9
10
9
11
9
13
8
7
12
8
12
19
19
11
12
22
15
9
15
17
16
11
12
12
13
12
9
18
6
9
13
10
12
17
17
11
16
13
16
19
11
15
14
10
11
12
9
8
17
6
13
9
10
8
15
17
7
19
10
11
14
6
8
10
14
14
9
13
7
11
9
23
16
14
16
14
13
12
9
19
12
13
16
13
15
15
14
16
15
9
7
14
10
9
16
19
13
17
20
14
13
19
15
9
12
12
10
16
9
10
15
9
18
14
10
14
10
13
14
14
12
23
20
11
17
17
18
11
10
10
11
21
18
11
12
11
17
10
19
15
11
14
12
17
12
10
15
17
10
15
14
12
19
15
19
8
21
17
13
17
17
19
11
10
16
13
22
11
8
31
17
9
19
16
14
14
13
13
7
10
17
16
5
21
12
19
15
22
11
15
16
16
17
10
9
18
16
16
10
18
21
17
19
12
7
18
16
16
13
12
16
20
11
9
20
8
16
12
17
8
14
14
16
12
19
10
11
18
10
9
17
11
17
17
16
20
8
17
19
9
14
17
11
18
13
7
14
10
10
9
11
10
11
13
20
10
7
16
12
11
9
18
13
15
9
10
13
15
20
7
21
12
18
6
15
16
9
14
11
15
17
13
10
16
16
18
5
12
8
17
15
15
16
15
13
7
18
14
10
20
12
11
13
14
13
14
9
12
17
21
13
20
6
8
11
18
10
14
9
19
18
13
15
13
16
19
22
16
12
8
9
18
16
15
10
18
11
10
10
14
17
10
14
16
10
19
12
12
14
10
12
12
11
16
17
16
17
4
9
15
11
11
14
8
22
16
13
8
21
17
10
8
12
18
17
4
13
21
14
16
14
13
19
12
15
11
16
15
14
13
9
7
9
13
10
18
14
14
14
13
26
12
14
17
16
16
18
12
12
8
13
10
9
16
10
7
12
14
9
8
14
7
13
14
8
10
16
14
11
