16
21
15
24
22
9
17
11
16
20
18
9
15
19
16
17
10
17
17
19
15
16
12
23
13
21
6
15
21
10
15
19
13
19
10
18
16
13
12
12
14
18
19
17
15
12
12
11
13
15
17
13
11
17
17
21
8
13
17
15
16
10
20
20
16
5
14
17
16
9
19
23
10
18
12
21
11
19
16
17
15
13
19
16
10
12
13
24
9
13
17
13
14
15
18
13
18
24
11
12
14
14
12
18
23
10
12
15
9
22
23
25
16
26
19
17
17
12
15
9
13
16
12
13
15
14
10
18
19
18
22
19
18
16
20
20
14
17
17
10
16
11
14
15
16
12
12
19
9
22
20
12
9
4
15
14
16
9
15
15
14
14
23
12
10
15
19
19
15
19
19
17
9
14
14
19
21
13
13
21
11
16
21
13
16
13
14
16
14
12
16
16
23
11
17
18
19
12
16
11
11
17
11
16
17
15
14
19
18
13
14
3
16
9
19
9
18
18
19
13
16
16
14
14
13
16
14
15
17
20
13
11
10
17
10
18
15
13
21
9
10
19
14
17
14
17
9
25
12
10
24
12
18
16
17
16
13
14
14
16
17
19
22
17
13
23
14
21
9
15
9
15
15
13
17
16
16
14
18
7
23
9
11
17
17
11
23
9
24
20
16
16
10
19
12
16
6
15
11
15
19
28
19
9
14
13
16
19
14
21
12
14
18
19
13
17
14
17
14
19
16
17
16
18
8
17
16
13
13
12
28
16
10
8
11
14
14
23
19
28
22
9
21
21
18
23
20
10
16
15
13
16
14
11
14
12
13
22
15
18
23
16
14
12
18
15
9
17
13
15
14
23
10
18
15
15
21
15
12
14
21
11
20
18
19
13
14
11
16
21
11
14
17
15
15
21
14
20
17
13
21
11
15
10
17
23
15
14
14
22
15
15
16
21
11
13
16
10
24
14
21
11
16
13
19
13
10
15
12
9
12
8
14
16
16
26
13
13
16
23
21
11
19
13
24
22
8
19
10
13
15
26
20
17
10
23
19
6
14
14
12
16
24
9
16
14
15
9
18
15
9
25
12
13
13
17
14
17
13
20
17
18
23
12
15
16
22
16
21
17
12
18
16
10
14
17
18
10
19
16
15
12
15
16
17
9
21
14
10
16
8
19
16
19
23
18
22
19
11
16
15
14
6
12
13
18
16
13
18
14
12
9
10
21
18
14
13
18
15
20
13
17
10
12
11
14
14
18
16
18
16
16
20
17
15
18
16
13
15
19
15
13
8
15
8
12
12
11
11
14
19
12
12
15
21
13
14
21
12
15
21
18
13
17
13
12
14
16
10
8
17
13
16
15
12
14
11
15
12
19
11
21
12
6
18
15
17
12
17
15
16
13
14
12
16
16
18
15
16
21
23
16
13
21
17
13
21
19
15
12
13
17
13
24
14
16
19
9
14
16
20
17
16
14
14
15
11
15
16
10
14
7
10
8
17
13
14
18
16
15
16
10
16
12
17
10
14
9
13
14
18
13
12
18
19
18
22
13
12
13
17
10
13
22
12
12
15
10
15
10
15
18
16
11
10
18
10
12
18
21
13
13
13
14
17
18
27
17
15
17
24
10
14
16
13
17
9
16
16
15
11
19
16
15
21
21
16
14
11
15
12
11
15
17
13
13
12
15
22
12
14
22
19
21
15
14
15
15
16
17
17
21
11
13
20
15
12
19
14
24
17
12
22
21
14
15
21
16
20
12
18
17
13
16
13
19
24
17
16
16
18
16
16
15
14
20
12
11
12
11
11
14
14
29
18
19
15
12
12
21
18
13
15
15
12
11
19
19
16
19
11
12
19
18
16
15
20
15
8
15
14
14
19
18
15
16
16
12
12
11
16
10
22
15
10
16
10
11
18
15
20
16
17
22
12
16
11
17
15
10
17
11
17
21
13
17
14
9
17
18
14
10
16
6
21
17
8
20
13
13
15
15
13
17
12
12
18
15
16
11
11
14
9
18
16
15
10
12
15
10
8
18
13
15
8
18
8
18
14
20
14
12
19
16
13
16
17
19
16
18
22
15
8
16
16
22
14
15
16
16
16
12
12
14
11
8
16
11
16
18
16
12
20
18
13
21
11
17
9
19
14
15
20
17
21
18
10
25
14
8
16
19
17
22
17
16
11
19
16
13
13
11
17
9
13
21
15
11
9
6
16
15
15
14
10
15
10
13
16
14
13
11
20
16
21
19
14
19
18
22
11
9
8
18
9
12
15
17
9
