13
18
18
20
15
11
18
15
17
17
16
11
10
11
20
16
17
16
22
13
11
14
19
20
17
19
17
19
21
20
17
17
11
11
17
15
13
13
12
19
20
21
17
14
17
11
18
18
16
11
18
19
14
19
23
13
14
10
13
16
17
17
14
15
25
19
11
19
20
20
18
23
18
16
17
17
18
17
19
16
15
17
22
13
15
14
14
22
12
24
18
13
16
19
11
16
13
16
15
16
11
6
18
21
22
16
18
18
9
15
17
16
12
24
15
13
17
13
15
13
16
13
12
19
17
10
13
19
16
18
16
28
17
17
17
24
13
9
15
18
25
17
13
16
18
17
17
9
17
21
12
15
22
21
15
13
13
12
19
9
19
18
16
14
14
11
18
24
19
23
14
18
17
16
18
17
8
9
20
14
21
19
18
18
19
20
13
20
15
11
25
9
11
22
25
21
24
10
17
8
18
14
16
18
16
16
19
22
17
14
13
12
17
21
15
19
7
15
22
20
13
7
18
21
20
15
16
14
15
13
21
19
17
19
18
16
18
13
18
16
22
13
17
18
13
19
10
13
19
21
20
15
10
14
6
17
13
16
12
12
16
14
14
26
15
15
12
28
12
16
14
17
18
18
17
15
13
13
19
15
13
17
11
17
14
13
12
13
26
24
18
16
22
18
15
28
17
12
12
18
21
19
10
13
19
31
19
13
20
23
16
18
12
15
19
15
11
19
13
20
18
16
18
15
14
16
17
22
13
17
24
19
19
13
8
13
10
11
16
19
17
19
14
25
12
18
17
18
22
13
13
14
14
13
18
27
19
10
15
18
15
20
24
19
10
15
17
11
13
20
17
12
20
21
21
16
13
14
11
17
18
11
16
15
8
19
12
12
14
14
20
19
21
17
16
26
16
18
12
14
20
18
12
13
14
25
16
13
13
20
16
21
19
18
11
15
21
11
18
11
15
9
11
27
16
14
28
13
16
14
19
20
17
12
14
17
21
14
18
17
18
23
19
15
18
20
13
18
25
14
7
8
21
9
9
11
17
23
13
17
26
17
17
11
16
25
11
27
15
15
22
16
20
18
11
26
13
17
12
14
17
17
23
11
17
19
18
16
23
12
21
16
11
13
18
23
6
20
21
16
21
17
11
20
24
6
17
14
16
12
16
23
15
14
18
19
15
24
16
11
13
12
30
12
14
17
11
12
13
14
16
17
10
16
22
20
18
12
21
16
14
15
15
22
15
17
18
19
19
17
20
14
24
14
22
20
15
17
22
12
18
17
15
11
9
18
23
22
13
15
12
13
12
13
13
20
23
12
19
18
13
22
11
10
19
14
11
17
11
23
15
14
12
19
14
18
15
19
13
19
29
11
16
25
19
20
10
17
22
19
11
12
23
19
14
10
13
16
26
16
25
13
22
20
17
12
15
22
13
30
25
18
20
19
24
14
21
31
20
21
17
14
18
16
19
15
17
17
23
13
12
19
14
14
23
13
12
10
19
23
9
10
12
19
14
12
23
19
19
21
18
21
19
9
15
13
18
10
14
15
14
18
22
15
18
23
14
9
22
18
12
15
11
14
18
23
16
12
12
13
8
17
16
25
15
18
16
8
18
20
20
10
17
9
24
19
14
18
13
17
17
8
18
19
13
20
17
19
16
11
14
20
17
19
12
20
14
21
17
17
21
21
13
20
16
10
10
19
9
23
19
20
14
25
17
14
19
17
19
13
11
29
17
23
10
12
18
17
28
14
18
12
15
16
10
16
14
17
14
13
26
14
15
18
13
15
20
19
13
14
12
11
10
16
21
13
17
18
16
12
21
11
14
21
20
19
16
12
22
14
16
15
15
27
21
11
12
13
16
15
12
24
10
11
16
21
19
14
17
19
17
25
10
11
16
11
27
23
11
17
18
12
17
15
15
17
15
14
17
18
20
11
17
14
18
14
15
29
21
18
20
16
7
9
17
17
13
11
17
14
21
15
20
10
17
20
25
14
12
18
13
21
17
17
25
11
16
14
19
16
21
17
10
20
20
15
18
17
13
17
16
14
12
18
21
22
9
14
13
17
17
16
25
13
22
12
21
12
16
15
7
14
16
13
15
20
16
18
13
15
13
15
17
18
23
20
17
21
18
29
13
14
21
27
18
14
23
16
21
16
21
16
18
26
17
14
21
16
20
14
9
21
18
16
22
18
21
20
15
19
17
16
8
23
9
14
14
17
20
14
11
16
18
23
13
16
21
15
19
16
14
20
19
14
19
14
16
21
23
17
16
17
11
19
15
14
17
18
22
15
18
19
22
21
15
19
13
12
16
17
18
13
17
13
17
21
16
14
20
20
10
19
15
14
14
17
18
20
17
25
18
10
20
20
14
16
16
17
21
28
12
15
20
15
19
11
11
12
27
22
24
21
11
16
11
26
16
19
15
14
16
22
20
10
15
12
22
19
17
21
18
11
22
12
21
15
24
20
15
21
23
12
22
15
14
15
18
19
12
11
16
12
23
24
11
12
15
30
15
17
24
15
16
14
12
19
18
13
16
16
21
20
20
14
22
19
21
13
19
13
22
14
19
19
6
18
14
14
17
22
15
14
24
23
14
25
14
8
14
20
15
13
13
10
18
10
16
27
13
15
19
12
