20
27
19
15
32
17
25
23
27
19
21
23
22
19
28
17
24
19
22
20
22
20
28
32
25
21
9
18
20
23
19
32
15
19
18
16
34
28
28
16
25
14
34
21
19
22
20
20
24
22
16
23
25
17
22
13
25
15
24
21
20
23
21
28
16
21
31
20
23
23
21
28
28
32
35
24
22
31
29
25
19
26
22
20
18
29
28
25
29
19
19
27
19
25
24
23
22
13
23
27
32
14
38
19
23
16
26
20
21
28
27
29
20
16
21
20
22
20
22
14
24
13
19
13
17
27
22
28
19
18
14
19
18
27
23
24
22
14
24
17
27
15
14
26
24
24
18
17
27
25
25
26
20
24
22
16
26
19
14
18
17
24
20
22
28
25
20
18
25
23
19
17
27
26
18
15
24
16
29
22
19
30
38
27
20
17
17
23
17
20
21
16
26
22
16
16
23
30
21
23
26
24
19
30
27
20
19
18
23
23
22
17
26
23
27
21
25
18
25
25
16
16
24
16
20
14
33
23
16
17
25
17
17
33
17
24
14
23
22
21
28
14
21
18
17
18
21
26
33
23
21
12
26
21
23
31
22
18
21
20
27
19
15
32
17
25
23
27
19
21
23
22
19
28
17
24
19
22
20
22
20
28
32
25
21
9
18
20
23
19
32
15
19
18
16
34
28
28
16
25
14
34
21
19
22
20
20
24
22
16
23
25
17
22
13
25
15
24
21
20
23
21
28
16
21
31
20
23
23
21
28
28
32
35
24
22
31
29
25
19
26
22
20
18
29
28
25
29
19
19
27
19
25
24
23
22
13
23
27
32
14
38
19
23
16
26
20
21
28
27
29
20
16
21
20
22
20
22
14
24
13
19
13
17
27
22
28
19
18
14
19
18
27
23
24
22
14
24
17
27
15
14
26
24
24
18
17
27
25
25
26
20
24
22
16
26
19
14
18
17
24
20
22
28
25
20
18
25
23
19
17
27
26
18
15
24
16
29
22
19
30
38
27
20
17
17
23
17
20
21
16
26
22
16
16
23
30
21
23
26
24
19
30
27
20
19
18
23
22
21
23
14
23
23
23
21
16
25
30
18
22
17
21
19
21
23
16
27
24
24
29
21
23
15
25
17
21
23
23
23
22
17
26
23
27
21
25
18
25
25
16
16
24
16
24
29
14
31
14
22
13
26
17
30
27
29
19
19
18
16
12
30
18
21
28
22
16
22
23
18
12
21
19
29
26
14
17
26
15
29
18
15
25
16
25
17
21
24
22
29
23
24
14
24
14
25
15
24
24
20
8
21
27
17
20
21
24
17
18
23
28
26
19
25
19
22
16
26
33
25
20
14
33
23
16
17
25
17
17
33
17
24
14
23
22
21
28
14
21
18
17
18
21
26
33
23
21
12
26
21
23
31
22
18
21
27
18
29
20
16
21
27
22
26
16
21
24
17
26
22
27
26
17
27
23
22
27
16
18
13
25
18
18
24
20
19
7
27
17
18
19
21
33
24
23
25
28
35
16
19
27
22
31
35
27
30
25
22
16
19
24
22
29
22
24
22
36
20
20
13
24
12
23
14
13
15
22
12
33
24
24
20
32
18
26
20
28
22
23
30
18
24
20
19
19
32
17
17
14
16
21
25
19
24
22
21
15
13
25
20
25
34
17
21
9
19
27
14
19
20
23
27
31
19
21
22
27
33
20
29
25
25
29
21
26
19
23
21
26
22
18
21
23
14
21
20
11
21
28
22
24
23
27
21
26
22
31
32
16
23
22
19
24
17
29
18
27
28
21
12
22
30
18
19
24
17
21
19
15
18
21
19
26
22
25
29
16
27
27
16
37
28
31
13
24
21
25
21
26
25
23
23
17
12
21
29
28
19
27
17
23
16
20
20
29
30
18
24
25
29
20
21
21
13
25
18
24
16
17
23
27
32
24
21
21
19
7
27
24
21
24
27
19
16
19
17
23
23
21
31
20
25
28
22
16
24
19
21
29
25
27
20
30
26
28
23
20
16
19
18
16
20
23
25
21
20
12
20
14
13
29
16
30
23
13
25
26
16
18
26
16
24
18
30
16
22
12
25
20
39
23
18
23
17
22
20
19
22
15
28
14
29
24
21
22
14
27
16
27
22
18
30
17
12
20
25
23
30
21
17
21
15
26
27
25
20
19
38
15
25
21
26
26
17
19
23
12
19
15
15
22
26
27
18
19
20
25
15
21
17
19
14
14
25
18
18
24
15
22
28
27
21
27
19
16
21
25
22
29
32
21
17
19
25
19
19
21
20
29
25
22
28
16
12
22
23
21
26
22
24
26
27
24
21
22
19
22
17
24
21
16
18
21
18
17
20
24
27
29
30
18
19
19
45
22
19
18
21
18
18
24
21
19
18
23
30
25
15
23
32
15
22
20
18
30
27
26
17
28
20
18
29
10
21
17
19
22
19
24
13
23
32
34
16
22
17
21
21
19
17
18
26
27
16
32
24
20
23
37
26
21
30
19
19
20
19
24
22
27
22
31
26
13
24
17
20
34
19
20
23
15
23
36
18
30
29
14
15
19
21
30
21
15
19
22
18
27
22
19
17
17
29
16
30
25
15
21
19
18
21
24
21
17
22
23
18
19
25
22
27
30
29
17
25
13
18
31
26
20
24
24
29
17
28
32
16
21
18
17
14
19
24
27
19
24
28
26
23
25
28
16
28
32
24
17
23
24
34
28
18
13
18
17
20
29
20
20
24
20
25
19
20
21
23
22
29
18
15
20
21
24
16
20
22
30
18
15
19
26
25
21
13
20
15
16
35
26
32
23
14
25
15
20
27
25
22
20
20
22
19
26
31
23
11
23
23
21
20
23
18
14
23
21
25
19
27
26
20
25
21
29
18
15
18
23
15
25
25
18
26
13
24
28
23
23
27
16
14
17
33
23
16
23
18
