20
24
17
24
17
27
16
17
20
21
17
17
27
23
23
15
18
23
26
17
22
24
18
18
20
17
27
23
23
21
13
11
14
14
23
17
17
26
19
21
20
25
16
21
14
19
20
25
18
17
10
22
22
15
26
17
14
28
21
20
21
25
18
22
14
24
14
28
13
21
16
13
16
5
9
17
15
13
19
18
16
14
22
15
20
17
17
24
20
23
22
32
15
20
12
24
29
17
25
24
26
17
23
27
20
18
16
13
26
27
23
19
5
23
26
20
40
17
24
22
28
23
11
16
25
19
9
22
12
28
30
14
31
31
21
14
17
21
12
17
22
16
21
14
29
14
29
20
20
14
21
22
19
17
16
21
15
18
21
23
24
16
16
21
13
15
22
17
14
18
22
21
24
18
24
27
19
17
12
15
15
32
25
22
26
22
20
19
16
21
13
15
21
30
16
16
26
18
11
27
22
20
18
21
22
14
15
32
16
24
30
25
20
22
16
21
21
13
15
22
22
21
24
27
18
21
22
26
20
17
24
21
22
22
16
33
21
19
20
23
15
17
24
26
22
15
20
25
25
16
21
13
24
11
18
29
26
25
25
21
16
21
18
17
14
28
15
21
24
22
14
16
15
28
20
20
15
17
10
18
17
24
25
19
14
28
26
32
19
23
28
27
15
13
15
14
27
20
14
19
18
15
27
20
21
23
17
24
19
10
15
19
21
15
26
25
21
22
13
20
28
19
12
22
17
17
29
20
21
22
15
20
19
21
22
18
19
28
22
22
12
16
19
22
21
15
13
23
17
20
19
23
20
22
22
12
15
18
17
16
22
18
18
21
19
17
25
14
23
23
21
12
18
15
18
21
17
20
23
15
29
16
14
14
21
20
16
22
15
27
18
30
13
24
29
19
16
22
15
19
26
17
18
17
19
27
20
26
25
13
22
19
24
27
19
23
11
24
12
22
20
18
16
21
21
