19
19
21
22
26
37
27
37
24
16
26
32
25
33
18
21
21
11
22
30
23
38
22
23
21
14
20
26
28
19
24
24
20
19
32
18
31
24
26
28
17
26
20
29
31
21
23
21
25
22
30
21
28
21
31
17
24
27
27
30
19
25
20
16
22
21
28
35
20
21
24
24
27
32
23
21
27
25
30
25
24
23
22
28
25
31
23
27
19
24
33
15
18
19
20
31
34
22
27
21
30
22
13
26
25
29
28
20
32
36
26
15
22
25
22
28
22
25
27
20
16
25
27
32
29
37
28
35
19
22
20
34
25
24
31
20
23
16
18
27
29
10
25
23
26
20
30
24
13
23
20
20
24
18
18
21
16
26
25
24
23
28
25
24
27
19
24
22
28
26
27
35
24
30
32
31
18
25
23
20
26
22
24
20
25
19
33
23
23
36
28
19
20
20
25
31
15
15
28
27
29
25
37
25
24
25
22
23
26
26
25
26
24
29
22
28
26
23
33
30
24
27
34
27
28
25
18
28
26
23
15
28
20
21
24
25
25
29
24
24
27
27
19
19
21
16
27
28
25
28
29
24
25
21
35
28
21
28
28
26
16
24
30
21
25
21
14
21
22
20
16
25
30
27
17
18
27
27
26
21
27
23
33
17
18
25
24
34
32
24
23
31
24
33
36
32
19
25
23
19
23
28
23
26
24
27
20
24
27
21
26
28
21
27
33
14
25
21
28
32
32
22
31
23
25
24
15
25
20
28
26
32
16
23
27
21
23
22
20
26
24
39
25
21
28
32
32
22
31
23
25
24
15
25
20
28
26
32
16
23
27
21
23
22
20
26
24
39
18
32
35
23
29
19
19
24
29
19
24
20
23
23
26
19
17
19
24
19
25
33
29
18
12
24
31
31
19
24
31
17
40
19
23
28
21
23
28
35
20
26
20
20
18
20
25
31
23
22
29
31
16
24
16
19
21
30
16
33
18
32
30
25
32
22
19
21
20
20
24
27
31
27
26
36
29
28
33
22
30
23
33
16
28
31
25
22
26
19
23
24
12
31
27
32
21
18
36
20
30
21
20
26
30
23
31
30
31
30
14
29
35
17
22
14
25
30
22
18
26
25
24
16
31
23
27
23
21
20
25
20
26
24
29
18
13
22
20
22
25
28
19
27
24
29
29
22
25
25
18
22
22
21
29
18
26
15
28
26
31
28
31
28
20
28
15
28
21
23
27
23
24
24
34
21
28
24
29
26
19
28
24
24
15
15
22
26
26
16
19
18
21
27
30
29
30
14
30
28
27
33
31
26
29
12
23
26
17
21
25
18
22
23
18
23
28
26
15
24
21
25
27
34
17
17
27
30
23
31
24
24
27
31
20
16
16
22
17
22
21
22
32
27
17
27
26
25
25
25
31
25
17
24
31
20
27
24
33
18
16
23
36
26
33
31
26
22
15
24
9
20
30
20
24
20
28
17
24
30
26
