15
11
8
21
16
17
20
17
7
13
14
18
15
17
15
17
12
17
18
15
22
11
22
15
19
16
13
21
16
12
16
22
12
17
13
17
7
17
22
12
18
15
9
15
20
18
19
27
13
15
9
11
12
20
18
15
18
13
14
18
12
12
17
11
18
10
11
16
17
8
14
17
13
10
18
10
14
10
18
15
15
17
14
21
13
15
23
15
16
21
13
16
13
18
10
13
15
19
15
23
15
8
12
17
16
11
9
13
20
22
22
12
12
19
17
12
6
17
15
18
20
13
10
16
15
13
21
18
25
20
22
18
27
20
15
19
13
16
11
15
12
13
14
14
17
47
14
10
13
15
15
13
10
17
17
14
17
18
12
14
13
11
14
24
15
15
15
18
13
25
15
15
23
12
14
20
15
21
20
23
14
14
21
15
21
8
16
23
15
17
20
12
7
15
16
11
13
17
19
14
21
19
13
18
24
14
16
14
19
19
21
12
13
14
13
20
19
12
10
14
16
17
14
17
19
19
24
18
16
14
22
13
18
21
13
20
18
13
12
11
18
19
9
17
16
17
22
24
21
11
8
18
16
11
10
14
30
12
14
16
15
15
15
12
10
18
6
15
14
15
16
17
10
11
17
15
14
13
16
15
18
10
11
19
10
11
16
11
20
15
13
20
17
20
16
9
10
15
15
15
13
15
24
15
13
13
13
12
11
17
15
11
15
13
17
19
16
22
17
13
12
11
21
7
15
9
12
16
12
19
12
17
11
15
18
21
19
22
12
11
15
21
15
15
8
7
10
9
11
15
8
9
20
10
13
11
16
11
18
16
11
12
14
11
17
16
16
21
18
13
13
17
19
8
13
17
16
14
15
10
22
15
19
12
21
9
15
20
18
15
18
13
19
15
11
12
14
12
9
10
21
16
13
15
12
13
21
13
17
20
19
13
10
17
18
17
9
16
16
20
21
10
15
17
12
23
17
7
12
21
22
13
22
13
14
7
16
14
19
17
12
22
13
12
10
13
12
16
13
16
12
12
9
14
16
15
21
14
13
13
17
16
10
21
23
16
16
11
15
18
16
14
13
18
18
11
16
14
11
15
19
14
10
