19
17
17
14
12
14
10
16
7
8
16
18
17
13
7
14
17
14
14
16
8
16
9
17
12
11
13
17
10
10
11
19
10
15
11
15
13
14
9
18
9
14
18
18
12
14
16
12
10
12
26
22
12
14
12
10
14
21
18
15
13
16
12
11
14
18
13
10
18
19
14
17
16
7
13
10
9
17
9
9
28
18
21
22
15
21
17
15
12
15
10
9
16
13
13
9
13
14
9
14
8
17
10
23
18
13
13
14
15
12
8
20
12
21
11
21
18
17
13
19
23
17
9
17
10
17
11
17
10
14
17
17
15
14
13
12
13
10
13
15
14
24
22
18
9
13
20
8
19
28
14
10
10
14
21
6
17
10
16
14
17
13
16
11
13
15
22
9
17
12
17
10
16
17
14
14
17
16
16
20
8
15
21
13
15
12
18
18
15
25
17
17
9
18
12
19
10
18
12
16
6
13
12
20
9
10
17
16
11
17
13
7
18
13
13
17
8
16
15
20
14
9
14
22
18
14
16
21
15
18
21
14
16
13
12
17
14
19
16
16
14
13
20
16
13
20
15
17
8
21
13
13
14
20
12
13
15
11
10
15
22
18
20
19
9
17
13
16
7
7
7
13
11
8
17
12
18
19
15
11
8
10
16
10
12
23
15
20
10
14
11
15
14
15
13
14
21
14
17
11
11
13
12
16
9
13
13
16
17
9
12
16
14
17
15
11
14
10
17
18
23
16
17
14
16
17
10
17
19
14
13
12
20
21
13
18
12
18
16
13
14
16
17
21
12
18
16
14
17
16
15
9
7
18
18
17
14
8
14
18
13
10
17
13
15
9
23
25
16
18
18
15
13
9
8
11
13
13
14
20
15
24
19
18
24
14
14
18
18
23
15
12
17
16
14
17
15
10
14
14
24
10
23
14
18
11
16
18
8
12
19
16
21
8
25
14
10
14
11
15
18
20
20
11
6
8
11
15
14
9
16
16
15
21
16
15
14
8
17
12
11
18
17
14
11
13
15
12
18
15
15
14
20
21
21
18
17
15
22
19
18
15
19
14
14
12
10
12
18
18
21
11
13
7
7
12
10
18
14
13
17
15
14
14
7
13
19
12
23
11
12
7
22
16
13
10
18
14
8
19
12
14
16
21
15
14
14
13
15
18
12
15
14
11
18
8
11
21
14
20
13
15
18
