1820
22
21
14
23
18
26
17
30
20
14
17
17
29
15
30
16
25
21
18
19
22
18
21
21
17
19
24
28
17
23
16
14
31
25
17
24
20
24
26
26
16
18
22
27
17
28
27
20
24
26
21
22
22
16
19
19
20
15
26
19
14
16
25
16
16
20
14
8
18
24
27
19
18
21
14
21
23
16
22
16
14
20
18
21
20
13
16
17
20
22
20
18
14
15
24
16
22
10
10
17
30
22
30
23
24
20
24
19
12
20
15
24
22
18
15
15
26
18
21
16
593
21
28
28
20
15
22
21
21
16
26
15
25
15
18
16
27
22
24
18
24
23
24
17
19
21
17
31
24
18
20
15
21
21
19
16
21
21
14
25
25
18
14
22
25
24
22
22
30
22
20
22
14
20
27
27
22
23
20
21
26
31
18
29
27
17
23
21
21
23
16
21
18
24
20
26
14
19
23
17
15
17
23
20
15
26
18
19
23
23
15
29
28
25
15
30
18
17
24
17
20
28
23
15
22
24
22
17
16
25
13
11
21
14
17
27
19
24
19
21
18
23
22
20
20
23
20
17
24
18
24
21
18
18
28
26
16
28
14
32
17
11
15
17
21
9
23
21
23
18
19
22
21
15
24
26
19
25
28
22
21
29
18
15
24
28
16
29
23
13
22
19
26
19
17
17
28
24
23
20
22
23
19
25
16
25
19
24
16
20
24
29
14
15
20
26
24
23
26
16
11
14
23
22
24
23
15
21
19
20
25
14
20
23
21
23
27
21
27
26
21
24
24
17
19
12
24
22
15
20
19
27
25
19
17
15
10
19
13
24
15
19
29
15
17
23
22
21
23
16
14
27
26
20
21
28
16
19
18
33
15
19
18
22
19
26
22
27
20
18
12
23
24
17
20
1621
19
23
30
26
20
27
16
24
18
24
24
13
22
24
19
17
20
26
22
15
22
12
17
17
22
31
23
15
19
20
18
21
13
18
21
19
28
25
21
12
20
19
20
25
17
23
28
19
19
23
18
17
30
28
14
25
24
20
23
18
28
25
19
20
22
20
21
18
21
22
23
15
21
21
21
29
30
22
21
25
14
16
18
20
28
28
14
18
16
25
15
25
18
25
19
32
21
32
24
20
19
23
30
29
20
10
16
26
14
13
19
13
27
12
25
17
20
22
23
17
20
20
18
15
26
21
22
17
21
24
15
20
15
28
24
25
26
18
25
21
26
18
17
27
26
16
24
30
18
17
17
23
17
25
18
22
19
22
19
25
21
13
23
24
20
28
15
22
23
25
20
20
21
25
21
17
23
19
26
20
27
22
20
18
17
24
23
23
23
17
26
22
23
21
20
19
24
32
19
18
21
24
26
22
19
25
21
12
22
19
19
16
16
19
13
20
26
16
13
27
21
23
19
16
14
25
19
25
21
21
28
23
20
20
21
23
22
28
19
17
22
22
12
18
19
21
33
15
16
19
23
25
13
15
21
22
7
17
15
21
22
27
15
18
22
28
25
17
22
21
28
27
25
25
20
25
18
22
26
16
25
27
22
19
25
26
22
25
30
23
20
27
27
25
23
26
25
21
17
19
18
21
26
30
20
17
18
27
17
21
24
29
30
22
26
22
20
19
24
13
15
21
22
24
18
15
17
18
21
18
26
17
29
15
23
29
17
22
31
17
25
24
21
19
24
23
17
20
19
29
28
18
24
18
13
16
27
15
28
23
22
28
21
22
22
26
24
19
18
23
19
20
22
23
28
18
16
17
29
20
22
21
19
24
21
23
16
20
29
19
18
15
21
25
25
23
25
18
17
20
15
29
19
23
11
20
14
18
30
19
20
16
24
19
24
28
17
19
18
25
18
27
24
28
17
22
18
14
21
13
18
14
17
19
31
15
26
22
17
17
15
21
24
22
30
31
23
19
25
24
15
14
25
21
26
23
29
16
23
20
31
20
25
23
20
21
28
22
14
16
12
25
17
20
24
19
24
19
27
25
20
15
37
16
11
19
17
12
24
24
26
12
28
21
21
16
22
25
31
26
22
16
17
12
37
18
22
21
24
20
24
22
27
17
19
22
19
25
26
25
29
21
29
17
24
24
19
19
23
23
17
13
21
23
15
26
19
31
16
14
24
17
22
21
15
25
33
27
18
21
16
22
13
27
29
18
17
25
20
23
16
25
25
16
16
22
23
26
20
19
18
22
16
19
26
21
27
23
22
24
21
27
17
21
29
17
20
20
16
29
21
15
21
29
30
15
21
19
27
14
18
11
26
18
16
20
23
27
28
20
29
21
25
16
23
25
21
18
27
28
23
17
22
18
22
16
18
19
29
27
22
21
22
18
17
29
19
22
26
22
25
26
21
25
18
19
19
16
18
25
18
18
24
20
21
18
21
19
24
18
19
24
17
14
14
28
31
13
18
15
23
25
18
15
25
18
25
18
21
20
22
19
22
21
19
23
19
16
23
13
19
17
23
